00
10
00
00
00
00
00
00
00
00
00
00
00
00
00
00
00
00
00
00
00
00
00
00
00
00
00
00
00
00
00
10
00
00
00
00
00
00
00
00
00
00
00
00
00
00
00
00
00
00
00
00
00
00
00
00
00
00
00
00
00
00
00
00
00
00
00
00
00
00
00
00
00
00
00
00
00
00
00
00
00
00
00
00
00
00
00
00
00
00
00
00
00
00
00
00
00
00
00
00
00
00
00
00
00
00
00
00
00
00
00
00
00
00
00
00
00
00
00
00
00
00
00
00
00
00
00
00
00
00
00
00
00
00
00
00
00
00
00
00
00
00
00
00
00
00
00
00
00
00
00
00
00
00
00
00
00
00
00
00
00
00
00
00
00
00
00
00
00
00
00
00
00
00
00
00
00
00
00
00
00
00
00
00
00
00
00
00
00
00
00
00
00
00
00
00
00
00
00
00
00
00
00
00
00
00
00
00
00
00
00
00
00
00
00
00
00
00
00
00
00
00
00
00
25
3a
1a
00
00
00
00
25
3a
00
00
00
00
00
00
00
00
00
00
00
00
00
00
00
00
00
00
00
00
00
ea
ff
e6
d4
1a
00
00
ff
ff
ff
68
00
00
00
00
00
00
00
00
00
00
00
00
00
00
00
00
00
00
00
75
d0
00
00
bf
8d
00
ff
1a
00
34
ff
00
00
00
00
00
00
00
00
00
00
00
00
00
00
00
00
00
00
00
df
54
00
00
34
ff
8f
c1
00
00
00
ff
54
00
00
00
00
00
00
00
00
00
00
00
00
00
00
00
00
00
00
ff
00
00
00
00
bf
ef
1a
00
00
00
94
94
00
00
00
00
00
00
00
00
00
00
00
00
00
00
00
00
00
00
ff
00
00
00
00
34
59
00
00
00
00
94
94
00
00
00
25
93
1a
00
00
00
00
00
00
00
00
00
00
00
00
ff
00
00
00
00
00
00
00
00
00
00
94
94
00
00
ff
e1
ca
8d
00
00
00
00
00
00
00
00
00
00
00
00
ff
54
00
00
00
00
00
00
00
00
00
df
54
84
ff
1a
00
34
ff
54
00
00
00
00
00
00
00
00
00
00
00
94
9c
00
00
00
00
00
00
00
00
00
ff
00
bf
d4
3a
00
00
94
d0
00
00
00
00
00
00
00
00
00
00
00
34
ff
00
00
00
00
00
00
00
00
75
d0
00
00
8f
ff
68
1a
75
d9
00
00
00
00
00
00
00
00
00
00
00
00
ff
54
00
00
00
00
00
00
00
df
54
00
00
00
34
fc
75
34
ff
68
00
00
00
00
00
00
00
00
00
00
00
94
d9
00
00
00
00
00
00
00
ff
00
00
00
00
75
f5
54
00
34
ff
1a
00
00
00
00
00
00
00
00
00
00
00
ff
68
00
00
00
00
00
f3
54
00
00
00
00
00
8f
ff
68
1a
bf
bc
00
00
00
00
00
00
00
00
00
00
00
34
ff
54
00
00
00
d7
9c
00
00
00
00
00
00
00
34
d7
d4
c9
b6
00
00
00
00
00
00
00
00
00
00
00
00
94
d9
3a
00
00
ff
00
00
00
00
00
00
00
00
00
00
ff
4e
ff
1a
00
00
00
00
00
00
00
00
00
00
00
00
8f
ff
ae
ff
1a
00
00
00
00
00
00
00
00
00
34
d7
d4
f9
d4
1a
00
00
00
00
00
00
00
00
00
00
00
00
34
59
00
00
00
00
00
00
00
00
00
00
00
00
00
8f
ff
f3
72
00
00
00
00
00
00
00
00
00
00
00
00
00
00
00
00
00
00
00
00
00
00
00
00
00
00
00
00
34
98
81
28
00
00
00
00
00
00
00
00
00
00
00
00
00
00
00
00
00
00
00
00
00
00
00
00
00
00
00
00
00
3f
10
00
00
00
00
00
00
00
00
00
00
00
00
00
00
00
00
00
00
00
00
00
00
00
00
00
00
00
00
00
00
00
00
00
00
00
00
00
00
00
00
00
00
00
00
00
00
00
00
00
00
00
00
00
00
00
00
00
00
00
00
00
00
00
00
00
00
00
00
00
00
00
00
00
00
00
00
00
00
00
00
00
00
00
00
00
00
00
00
00
00
00
00
00
00
00
00
00
00
00
00
00
00
00
00
00
00
00
00
00
00
00
00
00
00
00
00
00
00
00
00
00
00
00
00
00
00
00
00
00
00
00
00
00
00
00
00
00
00
00
00
00
00
00
00
00
00
00
00
00
00
00
00
00
00
00
00
