00
10
00
00
00
00
00
00
00
00
00
00
00
00
00
00
00
00
00
00
00
00
00
00
00
00
00
00
00
00
00
10
00
00
00
00
00
00
00
00
00
00
00
00
00
00
00
00
00
00
00
00
00
00
00
00
00
00
00
00
00
00
00
00
00
00
00
00
00
00
00
00
00
00
00
00
00
00
00
00
00
00
00
00
00
00
00
00
00
00
00
00
00
00
00
00
00
00
00
00
00
00
00
00
00
00
00
00
00
00
00
00
00
00
00
00
00
00
00
00
00
00
00
00
00
00
00
00
00
00
00
00
00
00
00
00
00
00
00
1a
00
00
ec
f9
68
1a
9c
f9
bc
3a
00
00
00
00
00
00
00
00
00
00
00
00
00
00
00
00
00
00
ec
ff
fd
54
ff
1a
34
ea
a9
8d
00
8f
ff
54
00
00
00
00
00
00
00
00
00
00
00
25
ec
f9
f9
68
ff
1a
00
94
ff
54
00
00
8f
bf
1a
00
00
94
9c
00
00
00
00
00
00
00
00
00
00
ea
e1
1a
00
34
9b
44
00
00
00
00
00
00
00
00
00
00
00
00
34
ff
bc
1a
00
00
00
00
00
00
00
75
d0
00
00
00
00
00
00
00
00
00
00
00
00
00
00
00
00
00
00
00
00
bf
d4
00
00
00
00
00
00
00
df
5f
00
00
00
00
00
00
00
00
00
00
00
00
00
00
00
00
00
00
00
00
00
ff
00
00
00
00
00
00
00
bf
84
00
00
00
00
00
00
00
00
00
00
00
00
00
00
00
00
00
00
00
00
00
ff
00
00
00
00
00
00
ec
ff
54
00
00
00
00
00
00
00
00
00
00
00
00
00
00
00
00
00
00
00
00
00
ff
1a
00
00
00
00
ff
1a
00
00
00
00
00
00
00
00
00
00
00
00
00
00
00
00
00
00
00
00
00
00
58
e3
84
00
00
00
94
94
00
00
00
00
00
00
00
00
00
00
00
00
00
00
00
00
00
00
00
00
00
00
00
25
9d
94
00
00
00
94
d9
00
00
00
00
00
00
00
00
00
00
00
00
00
00
00
00
00
00
00
32
37
09
00
00
94
94
00
00
00
00
ff
bc
3a
00
00
00
00
00
00
00
00
00
00
00
00
00
00
00
00
00
35
31
31
00
00
94
84
00
00
00
00
00
68
a9
00
00
00
00
00
00
00
00
00
00
00
00
00
00
00
00
00
00
38
8e
54
25
ff
1a
00
00
00
00
94
94
00
00
00
00
00
00
00
00
00
00
00
00
00
00
00
00
00
00
00
00
94
ff
e1
1a
00
00
00
00
00
94
94
00
00
00
00
00
00
00
00
00
00
00
00
00
00
00
00
00
00
00
00
ff
00
00
00
00
00
00
00
00
94
d9
3a
1a
3a
00
00
00
00
00
00
00
00
00
00
00
00
00
1a
00
00
00
ff
00
00
00
00
00
00
00
00
00
8f
e6
ff
d2
00
00
00
00
00
1a
00
00
00
00
00
00
ce
8d
3a
3a
ff
54
00
00
00
00
00
00
00
00
00
00
00
e8
73
3a
00
00
00
d2
8d
00
00
00
00
00
00
ff
ce
de
bf
1a
00
00
00
00
00
00
00
00
00
00
00
00
34
ce
ff
ca
f9
ff
84
ff
68
00
00
00
00
f7
54
00
00
00
00
00
00
00
00
00
00
00
00
00
00
00
00
00
ff
ff
ff
25
00
00
34
ff
f9
f9
f9
ff
6e
00
00
00
00
00
00
00
00
00
00
00
00
00
00
00
00
00
d6
bf
54
ff
5b
00
00
00
00
00
00
00
00
00
00
00
00
00
00
00
00
00
00
00
00
00
00
00
00
00
00
ff
ff
ff
a0
00
00
00
00
00
00
00
00
00
00
00
00
00
00
00
00
00
00
00
00
00
00
00
00
00
00
f5
ff
a0
00
00
00
00
00
00
00
00
00
00
00
00
00
00
00
00
00
00
00
00
00
00
00
00
00
00
00
4b
fd
25
00
00
00
00
00
00
00
00
00
00
00
00
00
00
00
00
00
00
00
00
00
00
00
00
00
00
00
00
00
00
00
00
00
00
00
00
00
00
00
00
00
00
00
00
00
00
00
00
00
00
00
00
00
00
00
00
00
00
00
00
00
00
00
00
00
00
00
00
00
00
00
00
00
00
00
00
00
00
00
00
00
00
00
00
00
00
00
00
00
00
00
00
00
00
00
00
00
00
00
00
00
00
00
00
00
00
00
00
00
00
00
00
00
00
00
00
00
