00
10
00
00
00
02
01
01
01
00
00
00
00
00
00
00
00
00
00
00
00
00
00
00
00
00
00
00
00
00
00
10
00
00
00
01
04
01
02
01
00
00
00
00
00
00
00
00
00
00
00
00
00
00
01
02
00
02
01
02
09
0c
05
23
02
03
0b
38
05
03
01
00
00
00
00
00
00
00
00
00
00
00
00
00
02
03
05
02
0b
2a
9d
ff
ff
b7
8c
01
1e
ff
f3
39
05
02
00
00
00
00
00
00
00
00
00
00
00
00
00
04
05
0a
36
ff
ff
fd
94
33
78
94
11
ff
a8
f9
ac
10
01
00
00
00
00
00
00
00
00
00
00
00
02
04
04
16
ff
ff
82
1a
07
01
05
04
9a
ff
57
0d
62
ff
42
02
00
00
00
00
00
00
00
00
00
00
02
02
05
24
ff
83
1c
03
02
00
01
02
01
ff
ba
1c
04
0c
ff
e2
08
01
01
00
05
02
00
00
00
00
00
00
02
1f
ff
ff
08
01
00
00
00
00
00
00
ff
2c
02
04
05
8b
ff
1a
06
02
03
04
01
00
00
00
00
00
00
0b
ff
94
0c
02
01
00
00
00
00
00
00
05
05
01
02
03
13
ff
76
05
02
00
00
00
00
00
00
00
02
02
74
ff
17
01
01
00
00
00
00
00
00
00
06
01
02
01
01
0b
cb
ff
0c
02
00
00
00
00
00
00
01
02
16
ff
94
02
01
00
00
00
00
00
00
00
00
00
01
00
00
01
01
49
ff
37
04
00
00
00
00
00
00
00
04
53
ff
0d
01
01
00
00
00
00
00
00
00
00
00
00
00
00
00
00
11
f9
a7
11
01
00
00
00
00
00
00
07
e2
fb
05
02
01
00
00
00
00
00
00
00
00
00
00
00
00
00
00
04
6b
ff
3b
01
00
00
00
00
00
00
11
ff
ad
01
01
01
00
00
00
00
00
00
00
00
00
00
00
00
00
00
02
16
ff
d7
08
00
00
00
00
00
00
14
ff
77
00
00
00
00
00
00
00
00
00
00
00
00
00
00
00
00
00
02
02
ff
e0
1c
03
01
00
00
00
01
07
ff
58
00
00
00
00
00
00
00
00
00
00
00
00
00
00
00
00
00
02
02
10
ff
61
03
02
00
00
00
00
0b
ff
92
01
00
00
00
00
00
00
00
00
00
00
00
00
00
00
00
00
02
03
06
e1
ff
0a
02
00
00
00
00
15
ff
96
05
01
01
00
00
00
00
00
00
00
00
00
00
00
00
00
00
00
01
01
35
ff
46
02
00
00
00
01
0a
ac
e0
0a
02
01
00
00
00
00
00
00
00
00
00
00
00
00
00
00
00
00
01
0e
ff
ab
0e
00
01
00
00
03
72
ff
2c
02
02
00
00
00
00
00
00
00
00
00
00
00
00
00
00
00
00
02
03
6c
ff
35
03
01
00
00
02
0f
ff
a5
08
03
00
00
00
00
00
00
00
00
00
00
00
00
00
00
00
00
02
06
0f
f4
be
08
03
00
00
00
05
75
ff
1c
04
00
00
00
00
00
00
00
00
00
00
00
00
00
00
00
00
01
05
02
91
ff
1a
02
01
00
00
00
10
da
fa
22
03
03
00
00
00
00
00
00
00
00
00
00
00
00
00
00
01
01
01
0c
ff
62
05
00
00
00
01
03
1b
ff
aa
33
07
00
00
00
00
00
00
02
01
03
02
02
02
01
02
01
00
01
06
e7
ee
0c
02
02
00
01
06
05
90
ff
ff
2e
08
02
02
03
01
01
05
09
0a
0c
06
05
04
02
02
04
03
04
29
ff
a9
09
03
01
00
00
03
03
15
ff
ff
9d
24
06
09
05
03
ff
ff
ff
a1
6d
51
6b
89
5b
39
1d
0c
12
d7
f4
0c
04
00
00
00
00
01
01
08
6d
ff
ff
ff
e4
52
57
9d
b3
ff
ff
ff
f1
ff
ff
f2
f3
ff
ff
ff
ff
ff
35
03
01
00
00
00
02
04
06
04
0f
1b
88
ff
ff
f3
05
01
03
05
07
0c
14
1b
15
09
33
99
ff
ff
93
13
03
01
00
00
00
01
02
01
02
01
00
02
05
0b
12
00
02
04
01
01
01
02
03
03
03
03
02
02
02
05
04
00
01
00
00
00
00
00
00
00
00
00
00
00
00
01
00
00
00
01
02
00
00
00
00
01
02
01
02
01
01
01
02
00
00
00
00
00
00
00
00
00
00
00
00
00
00
00
00
00
00
00
00
00
00
00
00
00
00
00
00
00
00
00
00
00
00
00
00
00
00
00
00
00
00
00
00
