00
10
00
00
00
00
00
00
00
00
00
00
00
00
00
00
01
01
00
00
00
00
00
00
00
00
00
00
00
00
01
10
00
00
00
00
00
02
02
03
03
02
01
07
11
3b
84
61
69
97
23
09
04
06
04
03
01
00
00
03
03
00
00
00
00
00
00
00
05
04
05
04
12
5c
ff
ff
ff
ff
ff
ff
ff
ff
ff
5a
1c
08
02
02
00
03
05
07
00
00
00
00
00
00
00
03
09
0f
70
ff
ff
95
30
2b
19
17
20
2d
4f
b5
ff
ff
a1
16
06
00
03
06
04
05
00
00
00
00
00
04
03
1d
ff
e3
2e
1b
04
03
07
02
04
02
04
02
02
1d
2b
ff
ff
23
08
02
00
06
06
00
00
00
00
04
05
25
ff
aa
15
02
02
02
01
01
01
00
00
00
01
00
01
05
30
d3
e0
11
06
01
00
00
00
00
00
04
08
26
ff
70
09
01
01
00
00
00
00
00
00
00
00
00
00
01
03
06
07
ff
b8
28
03
00
01
01
00
00
04
16
ff
d8
09
03
03
00
00
00
00
00
00
00
00
00
00
00
00
01
03
02
07
d5
ff
0f
03
01
01
00
00
02
ff
ad
09
02
01
00
00
00
00
00
00
00
00
00
00
00
00
00
00
00
00
05
2f
ff
4a
09
01
01
02
01
15
ff
44
03
02
00
00
00
00
00
00
00
00
00
00
00
00
00
00
00
00
00
04
06
ff
ee
24
06
01
00
03
de
fc
0b
03
02
00
00
00
00
00
00
00
00
00
00
00
00
00
00
00
00
00
00
02
06
ff
70
04
01
03
12
ff
7b
03
00
01
00
00
00
00
00
00
00
00
00
00
00
00
00
00
00
00
00
00
00
05
bf
ef
0f
02
00
16
ff
30
04
01
01
00
00
00
00
00
00
00
00
00
00
00
00
00
00
00
00
00
00
00
02
8d
ff
13
01
02
8d
ff
0d
02
01
00
00
00
00
00
00
00
00
00
00
00
00
00
00
00
00
00
00
00
00
02
39
ff
34
00
01
f5
ff
10
01
00
00
00
00
00
00
00
00
00
00
00
00
00
00
00
00
00
00
00
00
00
02
0e
ff
76
01
02
ff
f1
10
01
00
00
00
00
00
00
00
00
00
00
00
00
00
00
00
00
00
00
00
00
00
01
05
ff
83
01
03
ff
ff
10
01
00
00
00
00
00
00
00
00
00
00
00
00
00
00
00
00
00
00
00
00
00
04
0d
ff
4f
02
03
8f
ff
0f
03
01
01
00
00
00
00
00
00
00
00
00
00
00
00
00
00
00
00
00
00
00
03
33
ff
1b
01
04
26
ff
64
06
03
02
00
00
00
00
00
00
00
00
00
00
00
00
00
00
00
00
00
00
00
02
ae
ff
11
03
05
09
ff
9c
09
02
02
00
00
00
00
00
00
00
00
00
00
00
00
00
00
00
00
00
00
00
07
f4
cd
05
01
01
03
ff
ff
27
02
01
00
00
00
00
00
00
00
00
00
00
00
00
00
00
00
00
00
05
02
0d
ff
44
03
00
00
00
0c
ff
94
08
01
00
00
00
00
00
00
00
00
00
00
00
00
00
00
00
00
02
07
05
ee
db
08
01
00
00
00
04
74
ff
41
05
00
00
00
00
00
00
00
00
00
00
00
00
00
00
00
01
02
04
17
ff
33
01
01
01
00
00
02
0c
ff
d3
27
03
03
00
00
00
00
00
00
00
00
00
00
00
00
02
04
06
24
ff
9c
04
03
02
00
00
00
04
05
11
c1
ff
16
08
02
00
00
00
00
00
00
00
00
00
00
00
07
09
22
ff
c5
08
01
00
00
00
00
00
01
06
06
0e
ea
ff
6c
08
05
02
04
03
02
03
02
03
02
02
04
0b
40
ff
ff
0b
01
01
00
00
00
00
00
00
01
04
04
0b
ff
ff
e6
6c
11
0b
08
08
04
02
06
06
17
29
c7
ff
2f
0d
03
01
01
00
00
00
00
00
00
00
00
03
03
09
1a
c1
ff
ff
e5
62
65
86
7a
75
d8
ff
ff
aa
13
02
02
03
03
01
00
00
00
00
00
00
00
00
01
04
06
06
0a
1a
74
ff
ff
ff
ff
ff
ff
ff
53
1e
05
02
03
04
03
02
00
00
00
00
00
00
00
00
00
02
03
02
00
01
01
01
07
0f
18
1b
16
0c
04
02
00
01
01
00
00
00
00
00
00
00
00
00
00
00
00
00
00
00
00
00
00
00
00
00
00
00
00
00
00
02
00
00
00
00
00
00
00
00
00
00
00
