00
12
01
01
00
00
00
02
02
01
01
01
02
01
01
01
01
01
01
02
03
01
02
00
01
01
01
02
00
03
01
11
00
00
00
00
00
00
00
00
00
00
00
01
00
00
00
00
00
00
00
00
00
00
00
00
00
00
00
00
00
00
01
00
00
00
00
02
01
00
00
00
00
00
00
00
00
00
00
00
00
00
00
00
00
00
00
00
00
00
00
00
00
00
00
00
00
00
01
00
00
00
00
00
00
00
00
00
00
00
00
00
02
00
00
00
00
00
00
00
00
00
00
00
00
00
00
00
00
00
01
01
00
00
00
02
03
02
00
00
00
01
0d
2c
07
03
00
00
00
00
00
00
00
00
00
00
00
00
00
00
00
00
00
00
00
00
01
01
01
00
00
00
17
ff
f5
33
04
00
00
00
00
00
00
00
00
00
00
00
00
00
00
00
00
00
00
00
00
01
03
01
00
01
0a
ff
70
dd
af
0a
00
02
01
00
00
00
00
00
00
00
00
00
00
00
00
00
00
00
00
00
00
00
02
01
02
ff
78
13
81
ff
21
01
01
00
00
00
00
00
00
00
00
01
01
00
00
00
00
00
00
00
00
00
01
01
02
dd
ff
25
01
0e
ff
55
06
02
02
01
00
00
00
00
00
00
03
01
01
00
00
00
00
00
00
00
00
01
01
40
ff
44
01
03
06
ed
ec
13
01
01
00
00
00
00
00
00
00
02
01
02
00
00
00
02
01
00
00
01
03
21
ff
20
02
02
00
02
18
ff
a1
05
00
00
00
00
00
00
00
00
01
00
00
00
00
00
01
00
00
00
03
2c
ff
25
03
02
00
00
00
0a
d2
ff
10
00
00
00
00
00
00
00
00
00
00
00
00
00
00
00
01
01
03
2e
ff
b0
07
01
00
00
00
00
01
53
ff
38
00
00
00
00
00
00
00
00
00
00
00
00
00
00
00
00
03
21
f2
ee
0a
02
00
00
00
00
00
01
11
e5
a7
0b
00
00
00
00
00
00
00
00
00
00
00
00
00
03
03
11
ff
88
0a
02
00
00
00
00
00
00
01
01
80
ff
41
02
00
00
00
00
00
00
00
00
00
00
00
02
01
06
ff
6a
0c
02
01
00
00
00
00
00
00
02
01
12
fc
e3
09
00
00
00
00
00
00
00
00
00
00
04
03
01
ff
ff
1e
00
00
00
00
00
00
00
00
00
00
00
05
f9
ea
10
00
00
00
00
00
00
00
00
00
00
02
04
68
ff
45
01
01
00
00
00
00
00
00
00
00
00
00
02
18
ff
8d
02
00
00
00
00
00
00
00
00
01
04
11
ff
26
02
00
00
00
00
00
00
00
00
00
00
00
00
00
07
de
ff
0e
03
00
00
00
00
00
00
01
02
1a
ff
17
06
00
00
00
00
00
00
00
00
00
00
00
00
00
02
01
4f
ff
3a
03
00
00
00
00
00
00
03
27
ff
b4
08
02
00
00
00
00
00
00
00
00
00
00
00
00
00
01
01
13
ea
9f
0b
00
00
00
00
00
00
16
ff
ff
11
08
09
09
07
02
00
02
00
02
01
02
01
02
00
01
02
01
02
61
ff
3e
00
00
00
00
00
02
f5
f6
ec
ff
ff
ff
ba
73
49
66
89
51
2e
17
07
0c
0b
07
05
05
02
03
14
fb
e1
07
02
00
00
00
00
08
1b
0d
45
8e
ff
ff
ff
ff
ff
ff
e8
eb
ff
ff
ff
ff
8f
5b
46
6a
8b
4a
ff
e5
17
03
00
00
00
00
03
02
01
02
01
01
01
06
0d
15
21
23
11
26
6f
bb
ff
ff
ff
ff
ff
ff
ee
ff
ff
47
01
01
00
00
00
00
00
00
00
00
00
02
02
01
00
00
00
02
01
02
03
01
04
08
0e
15
21
16
15
2e
08
01
01
00
00
00
00
00
00
00
00
00
04
03
00
00
00
02
03
01
00
02
01
03
02
01
01
02
02
01
04
01
01
00
00
01
00
00
00
01
00
00
00
00
00
00
00
00
00
00
00
00
00
01
00
01
00
01
00
00
00
00
01
00
00
00
02
00
00
04
04
00
00
00
00
00
00
00
00
00
00
00
00
00
00
00
00
00
00
01
01
01
00
00
00
00
00
01
00
00
01
02
00
02
02
01
00
00
00
02
02
01
00
02
02
02
02
02
02
02
01
00
00
02
02
02
02
01
01
02
04
04
01
01
01
01
01
01
01
01
01
01
01
01
01
01
01
01
01
01
01
02
03
03
02
01
01
01
