00
00
00
00
00
00
00
00
00
00
00
00
00
00
00
00
00
00
00
00
00
00
00
00
00
00
00
00
00
00
00
00
00
00
00
00
00
00
00
00
00
00
00
00
00
00
02
04
03
02
00
00
00
00
00
00
00
00
00
00
00
00
00
00
00
00
00
00
00
00
00
00
00
00
00
03
03
1d
9c
a9
2a
02
03
01
00
00
00
00
00
00
00
00
00
00
00
00
00
00
00
00
00
00
00
00
03
04
28
7b
9b
ff
ff
b6
aa
3a
06
02
00
00
00
00
00
00
00
00
00
00
00
00
00
00
00
00
00
04
02
2a
9c
b7
ff
ff
ff
ff
ff
ff
ef
c6
4d
07
03
01
00
00
00
00
00
00
00
00
00
00
00
00
03
03
35
a1
ca
ff
ff
ff
12
02
07
ad
ff
ff
ff
b4
9d
42
0a
03
01
00
00
00
00
00
00
00
00
03
04
47
ba
e5
ff
ff
ff
0e
03
01
00
00
02
05
b0
ff
ff
ff
ff
8f
3d
0c
01
00
00
00
00
00
00
01
02
c3
f3
ff
ff
ff
0e
03
01
00
00
00
00
00
00
02
04
0e
ff
ff
ff
f6
9b
03
00
00
00
00
00
00
02
63
ff
ff
ff
0b
04
01
00
00
00
00
00
00
00
00
00
00
03
04
0b
ff
ff
e4
0a
01
00
00
00
00
00
02
7a
ff
ff
04
01
00
00
00
00
00
00
00
00
00
00
00
00
00
00
03
18
ff
ff
44
03
00
00
00
00
00
03
d0
ff
ff
03
00
00
00
00
00
00
00
00
00
00
00
00
00
00
00
00
03
ff
ff
9d
04
00
00
00
00
00
03
ff
ff
5e
02
00
00
00
00
00
00
00
00
00
00
00
00
00
00
00
00
05
ff
ff
8e
03
00
00
00
00
02
23
ff
ff
0f
00
00
00
00
00
00
00
00
00
00
00
00
00
00
00
00
00
02
8f
ff
f7
05
00
00
00
00
02
af
ff
ff
05
00
00
00
00
00
00
00
00
00
00
00
00
00
00
00
00
00
00
10
ff
fb
31
00
00
00
00
03
85
ff
ff
04
00
00
00
00
00
00
00
00
00
00
00
00
00
00
00
00
00
00
0a
ff
ff
9e
02
00
00
00
05
ff
ff
52
02
00
00
00
00
00
00
00
00
00
00
00
00
00
00
00
00
00
00
01
ff
ff
57
01
00
00
00
03
e1
ff
0e
00
00
00
00
00
00
00
00
00
00
00
00
00
00
00
00
00
00
00
03
ff
ff
f3
02
00
00
01
86
ff
ff
07
00
00
00
00
00
00
00
00
00
00
00
00
00
00
00
00
00
00
00
00
0d
ff
df
11
00
00
04
aa
ff
ff
04
00
00
00
00
00
00
00
00
00
00
00
00
00
00
00
00
00
00
00
00
11
ff
ff
66
01
00
03
d7
de
ff
e6
02
00
00
00
00
00
00
00
00
00
00
00
00
00
00
00
00
00
00
04
24
ff
ad
24
00
00
01
03
69
ff
ff
45
02
00
00
00
00
00
00
00
00
00
00
00
00
00
00
00
00
03
1f
ff
f0
54
05
00
00
00
02
24
87
ff
ff
5c
02
00
00
00
00
00
00
00
00
00
00
00
00
00
00
02
13
ff
d4
bb
03
01
00
00
00
00
03
58
d5
ff
ff
08
01
00
00
00
00
00
00
00
00
00
00
00
00
02
03
ff
ff
6f
04
02
00
00
00
00
00
00
04
3b
ab
ff
f9
06
01
00
00
00
00
00
00
00
00
00
00
00
06
ff
ff
ff
1d
03
00
00
00
00
00
00
00
02
02
ff
a3
ff
2a
02
00
00
00
00
00
00
00
00
00
00
04
0f
ff
d7
17
03
00
00
00
00
00
00
00
00
00
03
06
4d
f7
ff
51
02
00
00
00
00
00
00
00
00
03
27
ff
fb
7d
05
01
00
00
00
00
00
00
00
00
00
00
03
28
bb
ff
ff
8c
89
89
89
89
89
89
89
89
91
ff
c7
8d
02
01
00
00
00
00
00
00
00
00
00
00
00
00
02
48
d4
e8
ff
ff
ff
ff
ff
ff
ff
ff
ff
ff
ff
a5
07
01
00
00
00
00
00
00
00
00
00
00
00
00
00
00
02
21
6d
71
71
71
71
71
71
71
71
71
6f
7c
22
02
00
00
00
00
00
00
00
00
00
00
00
00
00
00
00
00
01
00
00
00
00
00
00
00
00
00
00
00
01
02
00
00
00
00
00
00
00
00
00
00
00
00
00
00
00
00
00
00
00
00
00
00
00
00
00
00
00
00
00
00
00
00
00
00
00
00
00
00
